111111111111111111111111111111
111111111111111111111111111111
112222222222221122222222222211
112111121111121121111121111211
116111121111121121111121111611
112111121111121121111121111211
112222222222222222222222222211
112111121121111111121121111211
112111121121111111121121111211
112222221122221122221122222211
111111121111101101111121111111
111111121111101101111121111111
100001121100000000001121100001
111111121101113311101121111111
111111121101110011101121111111
144444420001100001100024444441
111111121101111111101121111111
111111121101111111101121111111
100001121100000000001121100001
111111121101111111101121111111
111111121101111111101121111111
112222222222221122222222222211
112111121111121121111121111211
112111121111121121111121111211
116221122222227822222221122611
111121121121111111121121121111
111121121121111111121121121111
112222221122221122221122222211
112111111111121121111111111211
112111111111121121111111111211
112222222222222222222222222211
111111111111111111111111111111
111111111111111111111111111111